10110
00100
10000
01000
01000
10000
00000
10000
10000
00000
01000
00000
01000
00000
01000
00001
00000
00001
00000
00000
10011
00000
10000
01000
00110
10010
00100
00110
00100
10111
01000
00000
00000
10000
10100
00110
10110
00001
00000
01000
10000
00001
01000
00000
00001
00000
00001
00001
00000
10000
00000
10000
00000
10110
00100
01000
00000
00000
11111
00000
01000
00110
00000
10000
10000
00110
00000
01000
01000
01000
01000
01000
00000
00001
01000
10011
00000
10100
01000
00100
10110
00110
10000
00001
10110
11000
00000
00000
00000
10000
01000
10010
00000
01000
10000
00000
01000
01000
00110
10010
10000
10110
00100
00000
00000
10100
00001
00100
01000
00000
00000
10000
10000
00100
11010
00100
01000
00001
10100
00000
10000
10000
01000
00000
10000
01000
00000
00001
00000
10110
00100
10110
01000
01000
00001
01000
10010
00000
10100
01000
00000
01000
00110
10000
10011
00000
00000
00100
00110
00110
10010
00000
10010
10000
10110
00000
00000
00001
00000
00000
10000
00000
00100
00000
10000
01000
00000
00000
00001
01000
10110
10000
00000
01000
00000
10000
10010
00000
00001
00000
00000
00000
00000
00100
10000
00000
10000
00000
11010
00000
01000
10010
01000
01000
01000
10010
00100
00110
00001
01000
10000
01000
10000
01000
00000
10010
11000
00100
00000
00000
00000
10010
10000
10000
01000
10000
10100
10010
01100
11110
10001
00000
10010
10010
00000
00110
00110
00000
01000
01000
00000
00000
10010
11110
00000
10010
01000
10000
10000
00000
01000
10010
10010
00000
11111
01000
00000
00100
00000
00001
01000
01000
00110
11000
00000
10000
00000
00000
00000
00001
00001
01000
00000
10100
01000
00001
00000
01000
01000
10000
00100
00100
01000
01000
01000
01000
00100
00001
00000
00000
00001
10010
10000
00001
10100
00000
01000
01000
00001
01000
00000
00000
01000
00000
10000
10011
01000
01000
00001
10000
01000
10000
00001
10000
01000
01000
00001
01000
01000
00000
01000
01000
00001
00110
00110
10100
10110
00001
00001
10000
10010
00000
01000
01000
10100
00001
00000
10000
01000
10000
00100
00001
00000
10000
10000
00000
10000
00000
10000
01000
01000
00000
00100
00000
10000
10100
10100
00000
00110
00000
00110
00000
00000
00110
01000
11000
11000
00000
00001
00000
00001
00000
10101
01000
11000
10000
01000
00001
00000
00001
01000
00110
00000
10000
10100
00110
10010
00000
00000
10000
00000
01000
00001
11000
10011
00100
00000
00000
10000
01000
10000
00100
01000
00000
00000
00000
01000
10010
00000
00000
01000
11000
00000
00001
00000
01000
01000
00001
00000
10000
00000
00000
00000
10010
11010
00000
01000
00000
10000
00000
01000
10011
00000
10010
00000
01000
01100
01000
00100
01000
10000
00001
10000
00100
01000
00000
10000
00000
10010
00000
01000
00001
10000
10000
11101
00000
01000
00000
10100
00001
00010
00001
10000
10000
01000
00000
01000
00110
00000
00100
01000
00000
00100
00000
01000
01000
00100
10000
10000
10010
01000
00000
01000
01000
01000
10000
00000
01000
00110
00100
11100
00000
00000
00000
00001
00001
00110
10010
01000
00001
10010
10100
10100
01000
00000
10000
00000
01000
00000
00000
00001
00001
00001
01000
00000
01000
01000
10000
00000
01000
00000
10110
00000
10000
00000
01000
00000
10011
10000
00001
00000
00000
00000
01000
00110
00000
00000
11111
00001
01000
11111
10000
10110
00001
00110
10000
00110
01000
00000
01000
00001
01100
10000
00000
01000
00000
10000
00000
00110
00000
01000
01000
10000
00000
00000
01000
00001
10000
01000
00110
00000
10000
01000
10000
11000
01000
10000
00110
00000
00000
01000
10000
00001
01000
01000
10000
00001
00000
10000
10110
10000
00000
00001
00000
01000
00001
10000
10110
01000
00000
00000
01000
10000
00000
00001
10100
11000
01000
00000
10000
10000
00000
00000
10000
01000
01000
00001
11100
00100
01000
00000
00000
00000
00000
11100
10000
10010
10000
00001
00000
10010
00000
00110
01000
00000
00000
10000
10010
00000
10000
00110
00000
01000
10000
00110
10110
00000
00110
10000
00000
01000
00110
01000
01000
00110
00110
00000
00000
00000
00000
10000
00000
00001
00110
00000
00000
01000
00001
10100
00000
00110
01000
00001
00100
00001
00000
01000
01000
01000
10000
10110
00000
00000
01000
00000
10000
10010
00000
00110
00100
11000
01000
00110
00000
00110
00000
00000
00000
10100
00001
01000
10000
10000
11000
00000
10100
01000
10000
00000
01000
00000
10000
10000
00000
00000
00001
10010
00100
01000
11101
00000
00100
00000
01000
00000
00000
01000
00000
00101
10000
10000
00000
10000
00000
10000
01000
10110
01000
01000
00000
00001
10000
10110
10010
00000
10100
01000
00000
00000
00000
01000
00000
10010
01000
01100
01000
00000
01000
00000
10000
10000
00110
00000
10010
10010
00110
10000
00000
